 1        20
 2        74
 3       326
 4      1859
 5     14416
 6    115532
 7    571641
 8    867356
 9    870912
 1         3
 2        17
 3       126
 4      1050
 5      8761
 6     51261
 7    136795
 8    160231
 9    160380
 1         4
 2        30
 3       226
 4      1280
 5      8154
 6     45809
 7    136145
 8    166210
 9    166320
 1         4
 2        15
 3        62
 4       348
 5      1789
 6      7901
 7     27290
 8     56230
 9     64826
10     66078
11     66348
12     66432
 1         4
 2        14
 3        58
 4       272
 5      1118
 6      3531
 7      8653
 8     17292
 9     29420
10     41991
11     54976
12     62730
13     66096
14     66432

